date,state,confirmed_new_pred,deaths_new_pred,frac_increase_confirmed,frac_increase_deaths,date_of_forecast
2020-06-05,Alabama,348,9,0.0024062225946894777,0.012801776397464826,2020-06-04
2020-06-11,Alabama,353,10,0.0024062225946894777,0.012801776397464826,2020-06-04
2020-06-18,Alabama,359,11,0.0024062225946894777,0.012801776397464826,2020-06-04
2020-07-02,Alabama,371,14,0.0024062225946894777,0.012801776397464826,2020-06-04
2020-07-30,Alabama,397,20,0.0024062225946894777,0.012801776397464826,2020-06-04
2020-08-27,Alabama,425,28,0.0024062225946894777,0.012801776397464826,2020-06-04
2020-09-24,Alabama,455,40,0.0024062225946894777,0.012801776397464826,2020-06-04
2020-10-22,Alabama,486,58,0.0024062225946894777,0.012801776397464826,2020-06-04
2020-11-19,Alabama,520,83,0.0024062225946894777,0.012801776397464826,2020-06-04
2021-01-14,Alabama,595,170,0.0024062225946894777,0.012801776397464826,2020-06-04
2020-06-05,Alaska,10,1,0.04260647958962327,0.0,2020-06-04
2020-06-11,Alaska,13,1,0.04260647958962327,0.0,2020-06-04
2020-06-18,Alaska,17,1,0.04260647958962327,0.0,2020-06-04
2020-07-02,Alaska,32,1,0.04260647958962327,0.0,2020-06-04
2020-07-30,Alaska,103,1,0.04260647958962327,0.0,2020-06-04
2020-08-27,Alaska,331,1,0.04260647958962327,0.0,2020-06-04
2020-09-24,Alaska,1066,1,0.04260647958962327,0.0,2020-06-04
2020-10-22,Alaska,3430,1,0.04260647958962327,0.0,2020-06-04
2020-11-19,Alaska,11032,1,0.04260647958962327,0.0,2020-06-04
2021-01-14,Alaska,114133,1,0.04260647958962327,0.0,2020-06-04
2020-06-05,Arizona,615,13,0.03338203182688737,-0.021773305434444334,2020-06-04
2020-06-11,Arizona,749,11,0.03338203182688737,-0.021773305434444334,2020-06-04
2020-06-18,Arizona,942,9,0.03338203182688737,-0.021773305434444334,2020-06-04
2020-07-02,Arizona,1492,7,0.03338203182688737,-0.021773305434444334,2020-06-04
2020-07-30,Arizona,3743,3,0.03338203182688737,-0.021773305434444334,2020-06-04
2020-08-27,Arizona,9388,2,0.03338203182688737,-0.021773305434444334,2020-06-04
2020-09-24,Arizona,23544,1,0.03338203182688737,-0.021773305434444334,2020-06-04
2020-10-22,Arizona,59045,0,0.03338203182688737,-0.021773305434444334,2020-06-04
2020-11-19,Arizona,148078,0,0.03338203182688737,-0.021773305434444334,2020-06-04
2021-01-14,Arizona,931327,0,0.03338203182688737,-0.021773305434444334,2020-06-04
2020-06-05,Arkansas,272,3,0.04925622758576753,0.01996633945667403,2020-06-04
2020-06-11,Arkansas,363,4,0.04925622758576753,0.01996633945667403,2020-06-04
2020-06-18,Arkansas,508,5,0.04925622758576753,0.01996633945667403,2020-06-04
2020-07-02,Arkansas,997,6,0.04925622758576753,0.01996633945667403,2020-06-04
2020-07-30,Arkansas,3833,11,0.04925622758576753,0.01996633945667403,2020-06-04
2020-08-27,Arkansas,14731,20,0.04925622758576753,0.01996633945667403,2020-06-04
2020-09-24,Arkansas,56616,34,0.04925622758576753,0.01996633945667403,2020-06-04
2020-10-22,Arkansas,217584,60,0.04925622758576753,0.01996633945667403,2020-06-04
2020-11-19,Arkansas,836202,105,0.04925622758576753,0.01996633945667403,2020-06-04
2021-01-14,Arkansas,12350326,320,0.04925622758576753,0.01996633945667403,2020-06-04
2020-06-05,California,2692,52,0.020359908820131833,-0.01156983788832644,2020-06-04
2020-06-11,California,3038,48,0.020359908820131833,-0.01156983788832644,2020-06-04
2020-06-18,California,3498,44,0.020359908820131833,-0.01156983788832644,2020-06-04
2020-07-02,California,4639,38,0.020359908820131833,-0.01156983788832644,2020-06-04
2020-07-30,California,8157,27,0.020359908820131833,-0.01156983788832644,2020-06-04
2020-08-27,California,14342,19,0.020359908820131833,-0.01156983788832644,2020-06-04
2020-09-24,California,25219,14,0.020359908820131833,-0.01156983788832644,2020-06-04
2020-10-22,California,44342,10,0.020359908820131833,-0.01156983788832644,2020-06-04
2020-11-19,California,77968,7,0.020359908820131833,-0.01156983788832644,2020-06-04
2021-01-14,California,241050,3,0.020359908820131833,-0.01156983788832644,2020-06-04
2020-06-05,Colorado,248,8,-0.014888042685445968,-0.05242774595520694,2020-06-04
2020-06-11,Colorado,226,6,-0.014888042685445968,-0.05242774595520694,2020-06-04
2020-06-18,Colorado,204,4,-0.014888042685445968,-0.05242774595520694,2020-06-04
2020-07-02,Colorado,165,2,-0.014888042685445968,-0.05242774595520694,2020-06-04
2020-07-30,Colorado,108,0,-0.014888042685445968,-0.05242774595520694,2020-06-04
2020-08-27,Colorado,71,0,-0.014888042685445968,-0.05242774595520694,2020-06-04
2020-09-24,Colorado,46,0,-0.014888042685445968,-0.05242774595520694,2020-06-04
2020-10-22,Colorado,30,0,-0.014888042685445968,-0.05242774595520694,2020-06-04
2020-11-19,Colorado,20,0,-0.014888042685445968,-0.05242774595520694,2020-06-04
2021-01-14,Colorado,8,0,-0.014888042685445968,-0.05242774595520694,2020-06-04
2020-06-05,Connecticut,193,13,-0.056914300730716794,-0.0778817334821229,2020-06-04
2020-06-11,Connecticut,136,8,-0.056914300730716794,-0.0778817334821229,2020-06-04
2020-06-18,Connecticut,90,4,-0.056914300730716794,-0.0778817334821229,2020-06-04
2020-07-02,Connecticut,39,1,-0.056914300730716794,-0.0778817334821229,2020-06-04
2020-07-30,Connecticut,7,0,-0.056914300730716794,-0.0778817334821229,2020-06-04
2020-08-27,Connecticut,1,0,-0.056914300730716794,-0.0778817334821229,2020-06-04
2020-09-24,Connecticut,0,0,-0.056914300730716794,-0.0778817334821229,2020-06-04
2020-10-22,Connecticut,0,0,-0.056914300730716794,-0.0778817334821229,2020-06-04
2020-11-19,Connecticut,0,0,-0.056914300730716794,-0.0778817334821229,2020-06-04
2021-01-14,Connecticut,0,0,-0.056914300730716794,-0.0778817334821229,2020-06-04
2020-06-05,Delaware,58,3,-0.06322426684846427,-0.051112373673007916,2020-06-04
2020-06-11,Delaware,39,2,-0.06322426684846427,-0.051112373673007916,2020-06-04
2020-06-18,Delaware,24,1,-0.06322426684846427,-0.051112373673007916,2020-06-04
2020-07-02,Delaware,9,0,-0.06322426684846427,-0.051112373673007916,2020-06-04
2020-07-30,Delaware,1,0,-0.06322426684846427,-0.051112373673007916,2020-06-04
2020-08-27,Delaware,0,0,-0.06322426684846427,-0.051112373673007916,2020-06-04
2020-09-24,Delaware,0,0,-0.06322426684846427,-0.051112373673007916,2020-06-04
2020-10-22,Delaware,0,0,-0.06322426684846427,-0.051112373673007916,2020-06-04
2020-11-19,Delaware,0,0,-0.06322426684846427,-0.051112373673007916,2020-06-04
2021-01-14,Delaware,0,0,-0.06322426684846427,-0.051112373673007916,2020-06-04
2020-06-05,Diamond Princess,1,1,0.0,0.0,2020-06-04
2020-06-11,Diamond Princess,1,1,0.0,0.0,2020-06-04
2020-06-18,Diamond Princess,1,1,0.0,0.0,2020-06-04
2020-07-02,Diamond Princess,1,1,0.0,0.0,2020-06-04
2020-07-30,Diamond Princess,1,1,0.0,0.0,2020-06-04
2020-08-27,Diamond Princess,1,1,0.0,0.0,2020-06-04
2020-09-24,Diamond Princess,1,1,0.0,0.0,2020-06-04
2020-10-22,Diamond Princess,1,1,0.0,0.0,2020-06-04
2020-11-19,Diamond Princess,1,1,0.0,0.0,2020-06-04
2021-01-14,Diamond Princess,1,1,0.0,0.0,2020-06-04
2020-06-05,District of Columbia,64,2,-0.04261325158025453,-0.06059894842463687,2020-06-04
2020-06-11,District of Columbia,49,1,-0.04261325158025453,-0.06059894842463687,2020-06-04
2020-06-18,District of Columbia,36,1,-0.04261325158025453,-0.06059894842463687,2020-06-04
2020-07-02,District of Columbia,19,0,-0.04261325158025453,-0.06059894842463687,2020-06-04
2020-07-30,District of Columbia,5,0,-0.04261325158025453,-0.06059894842463687,2020-06-04
2020-08-27,District of Columbia,1,0,-0.04261325158025453,-0.06059894842463687,2020-06-04
2020-09-24,District of Columbia,0,0,-0.04261325158025453,-0.06059894842463687,2020-06-04
2020-10-22,District of Columbia,0,0,-0.04261325158025453,-0.06059894842463687,2020-06-04
2020-11-19,District of Columbia,0,0,-0.04261325158025453,-0.06059894842463687,2020-06-04
2021-01-14,District of Columbia,0,0,-0.04261325158025453,-0.06059894842463687,2020-06-04
2020-06-05,Florida,771,20,0.0032331063784776237,-0.02529320079723618,2020-06-04
2020-06-11,Florida,786,17,0.0032331063784776237,-0.02529320079723618,2020-06-04
2020-06-18,Florida,804,14,0.0032331063784776237,-0.02529320079723618,2020-06-04
2020-07-02,Florida,842,10,0.0032331063784776237,-0.02529320079723618,2020-06-04
2020-07-30,Florida,921,4,0.0032331063784776237,-0.02529320079723618,2020-06-04
2020-08-27,Florida,1008,2,0.0032331063784776237,-0.02529320079723618,2020-06-04
2020-09-24,Florida,1104,1,0.0032331063784776237,-0.02529320079723618,2020-06-04
2020-10-22,Florida,1208,0,0.0032331063784776237,-0.02529320079723618,2020-06-04
2020-11-19,Florida,1323,0,0.0032331063784776237,-0.02529320079723618,2020-06-04
2021-01-14,Florida,1585,0,0.0032331063784776237,-0.02529320079723618,2020-06-04
2020-06-05,Georgia,597,22,-0.0029691476605685496,-0.0047223406888070585,2020-06-04
2020-06-11,Georgia,587,21,-0.0029691476605685496,-0.0047223406888070585,2020-06-04
2020-06-18,Georgia,575,21,-0.0029691476605685496,-0.0047223406888070585,2020-06-04
2020-07-02,Georgia,551,19,-0.0029691476605685496,-0.0047223406888070585,2020-06-04
2020-07-30,Georgia,507,17,-0.0029691476605685496,-0.0047223406888070585,2020-06-04
2020-08-27,Georgia,467,15,-0.0029691476605685496,-0.0047223406888070585,2020-06-04
2020-09-24,Georgia,429,13,-0.0029691476605685496,-0.0047223406888070585,2020-06-04
2020-10-22,Georgia,395,11,-0.0029691476605685496,-0.0047223406888070585,2020-06-04
2020-11-19,Georgia,363,10,-0.0029691476605685496,-0.0047223406888070585,2020-06-04
2021-01-14,Georgia,308,7,-0.0029691476605685496,-0.0047223406888070585,2020-06-04
2020-06-05,Grand Princess,1,1,0.0,0.0,2020-06-04
2020-06-11,Grand Princess,1,1,0.0,0.0,2020-06-04
2020-06-18,Grand Princess,1,1,0.0,0.0,2020-06-04
2020-07-02,Grand Princess,1,1,0.0,0.0,2020-06-04
2020-07-30,Grand Princess,1,1,0.0,0.0,2020-06-04
2020-08-27,Grand Princess,1,1,0.0,0.0,2020-06-04
2020-09-24,Grand Princess,1,1,0.0,0.0,2020-06-04
2020-10-22,Grand Princess,1,1,0.0,0.0,2020-06-04
2020-11-19,Grand Princess,1,1,0.0,0.0,2020-06-04
2021-01-14,Grand Princess,1,1,0.0,0.0,2020-06-04
2020-06-05,Guam,2,1,-0.005573131718141333,0.0,2020-06-04
2020-06-11,Guam,2,1,-0.005573131718141333,0.0,2020-06-04
2020-06-18,Guam,2,1,-0.005573131718141333,0.0,2020-06-04
2020-07-02,Guam,2,1,-0.005573131718141333,0.0,2020-06-04
2020-07-30,Guam,2,1,-0.005573131718141333,0.0,2020-06-04
2020-08-27,Guam,1,1,-0.005573131718141333,0.0,2020-06-04
2020-09-24,Guam,1,1,-0.005573131718141333,0.0,2020-06-04
2020-10-22,Guam,1,1,-0.005573131718141333,0.0,2020-06-04
2020-11-19,Guam,1,1,-0.005573131718141333,0.0,2020-06-04
2021-01-14,Guam,0,1,-0.005573131718141333,0.0,2020-06-04
2020-06-05,Hawaii,2,1,-0.0005940846426361057,0.0,2020-06-04
2020-06-11,Hawaii,2,1,-0.0005940846426361057,0.0,2020-06-04
2020-06-18,Hawaii,2,1,-0.0005940846426361057,0.0,2020-06-04
2020-07-02,Hawaii,2,1,-0.0005940846426361057,0.0,2020-06-04
2020-07-30,Hawaii,2,1,-0.0005940846426361057,0.0,2020-06-04
2020-08-27,Hawaii,1,1,-0.0005940846426361057,0.0,2020-06-04
2020-09-24,Hawaii,1,1,-0.0005940846426361057,0.0,2020-06-04
2020-10-22,Hawaii,1,1,-0.0005940846426361057,0.0,2020-06-04
2020-11-19,Hawaii,1,1,-0.0005940846426361057,0.0,2020-06-04
2021-01-14,Hawaii,1,1,-0.0005940846426361057,0.0,2020-06-04
2020-06-05,Idaho,56,2,0.00048023368127303456,-0.003941547099601039,2020-06-04
2020-06-11,Idaho,56,2,0.00048023368127303456,-0.003941547099601039,2020-06-04
2020-06-18,Idaho,56,2,0.00048023368127303456,-0.003941547099601039,2020-06-04
2020-07-02,Idaho,56,2,0.00048023368127303456,-0.003941547099601039,2020-06-04
2020-07-30,Idaho,57,1,0.00048023368127303456,-0.003941547099601039,2020-06-04
2020-08-27,Idaho,58,1,0.00048023368127303456,-0.003941547099601039,2020-06-04
2020-09-24,Idaho,59,1,0.00048023368127303456,-0.003941547099601039,2020-06-04
2020-10-22,Idaho,60,1,0.00048023368127303456,-0.003941547099601039,2020-06-04
2020-11-19,Idaho,60,1,0.00048023368127303456,-0.003941547099601039,2020-06-04
2021-01-14,Idaho,62,0,0.00048023368127303456,-0.003941547099601039,2020-06-04
2020-06-05,Illinois,1117,60,-0.04062521056553392,-0.022296029121832706,2020-06-04
2020-06-11,Illinois,871,52,-0.04062521056553392,-0.022296029121832706,2020-06-04
2020-06-18,Illinois,651,44,-0.04062521056553392,-0.022296029121832706,2020-06-04
2020-07-02,Illinois,364,32,-0.04062521056553392,-0.022296029121832706,2020-06-04
2020-07-30,Illinois,114,17,-0.04062521056553392,-0.022296029121832706,2020-06-04
2020-08-27,Illinois,35,9,-0.04062521056553392,-0.022296029121832706,2020-06-04
2020-09-24,Illinois,11,4,-0.04062521056553392,-0.022296029121832706,2020-06-04
2020-10-22,Illinois,3,2,-0.04062521056553392,-0.022296029121832706,2020-06-04
2020-11-19,Illinois,1,1,-0.04062521056553392,-0.022296029121832706,2020-06-04
2021-01-14,Illinois,0,0,-0.04062521056553392,-0.022296029121832706,2020-06-04
2020-06-05,Indiana,383,15,-0.019151980633611787,-0.03554542355820345,2020-06-04
2020-06-11,Indiana,341,12,-0.019151980633611787,-0.03554542355820345,2020-06-04
2020-06-18,Indiana,298,9,-0.019151980633611787,-0.03554542355820345,2020-06-04
2020-07-02,Indiana,227,5,-0.019151980633611787,-0.03554542355820345,2020-06-04
2020-07-30,Indiana,132,2,-0.019151980633611787,-0.03554542355820345,2020-06-04
2020-08-27,Indiana,76,0,-0.019151980633611787,-0.03554542355820345,2020-06-04
2020-09-24,Indiana,44,0,-0.019151980633611787,-0.03554542355820345,2020-06-04
2020-10-22,Indiana,26,0,-0.019151980633611787,-0.03554542355820345,2020-06-04
2020-11-19,Indiana,15,0,-0.019151980633611787,-0.03554542355820345,2020-06-04
2021-01-14,Indiana,5,0,-0.019151980633611787,-0.03554542355820345,2020-06-04
2020-06-05,Iowa,262,11,-0.01655614888341128,-0.0038399380891560586,2020-06-04
2020-06-11,Iowa,237,10,-0.01655614888341128,-0.0038399380891560586,2020-06-04
2020-06-18,Iowa,211,10,-0.01655614888341128,-0.0038399380891560586,2020-06-04
2020-07-02,Iowa,167,10,-0.01655614888341128,-0.0038399380891560586,2020-06-04
2020-07-30,Iowa,104,9,-0.01655614888341128,-0.0038399380891560586,2020-06-04
2020-08-27,Iowa,65,8,-0.01655614888341128,-0.0038399380891560586,2020-06-04
2020-09-24,Iowa,41,7,-0.01655614888341128,-0.0038399380891560586,2020-06-04
2020-10-22,Iowa,25,6,-0.01655614888341128,-0.0038399380891560586,2020-06-04
2020-11-19,Iowa,16,5,-0.01655614888341128,-0.0038399380891560586,2020-06-04
2021-01-14,Iowa,6,4,-0.01655614888341128,-0.0038399380891560586,2020-06-04
2020-06-05,Kansas,65,3,-0.02384557916081309,0.007424887102498445,2020-06-04
2020-06-11,Kansas,56,3,-0.02384557916081309,0.007424887102498445,2020-06-04
2020-06-18,Kansas,47,3,-0.02384557916081309,0.007424887102498445,2020-06-04
2020-07-02,Kansas,33,3,-0.02384557916081309,0.007424887102498445,2020-06-04
2020-07-30,Kansas,17,4,-0.02384557916081309,0.007424887102498445,2020-06-04
2020-08-27,Kansas,8,5,-0.02384557916081309,0.007424887102498445,2020-06-04
2020-09-24,Kansas,4,7,-0.02384557916081309,0.007424887102498445,2020-06-04
2020-10-22,Kansas,2,8,-0.02384557916081309,0.007424887102498445,2020-06-04
2020-11-19,Kansas,1,10,-0.02384557916081309,0.007424887102498445,2020-06-04
2021-01-14,Kansas,0,16,-0.02384557916081309,0.007424887102498445,2020-06-04
2020-06-05,Kentucky,195,7,5.9371523294826645e-05,0.004358402467478761,2020-06-04
2020-06-11,Kentucky,195,7,5.9371523294826645e-05,0.004358402467478761,2020-06-04
2020-06-18,Kentucky,195,7,5.9371523294826645e-05,0.004358402467478761,2020-06-04
2020-07-02,Kentucky,196,8,5.9371523294826645e-05,0.004358402467478761,2020-06-04
2020-07-30,Kentucky,196,9,5.9371523294826645e-05,0.004358402467478761,2020-06-04
2020-08-27,Kentucky,196,10,5.9371523294826645e-05,0.004358402467478761,2020-06-04
2020-09-24,Kentucky,197,12,5.9371523294826645e-05,0.004358402467478761,2020-06-04
2020-10-22,Kentucky,197,13,5.9371523294826645e-05,0.004358402467478761,2020-06-04
2020-11-19,Kentucky,197,15,5.9371523294826645e-05,0.004358402467478761,2020-06-04
2021-01-14,Kentucky,198,19,5.9371523294826645e-05,0.004358402467478761,2020-06-04
2020-06-05,Louisiana,401,15,0.0013196436895763775,-0.031867892232745,2020-06-04
2020-06-11,Louisiana,404,12,0.0013196436895763775,-0.031867892232745,2020-06-04
2020-06-18,Louisiana,408,10,0.0013196436895763775,-0.031867892232745,2020-06-04
2020-07-02,Louisiana,416,6,0.0013196436895763775,-0.031867892232745,2020-06-04
2020-07-30,Louisiana,431,2,0.0013196436895763775,-0.031867892232745,2020-06-04
2020-08-27,Louisiana,448,1,0.0013196436895763775,-0.031867892232745,2020-06-04
2020-09-24,Louisiana,464,0,0.0013196436895763775,-0.031867892232745,2020-06-04
2020-10-22,Louisiana,482,0,0.0013196436895763775,-0.031867892232745,2020-06-04
2020-11-19,Louisiana,500,0,0.0013196436895763775,-0.031867892232745,2020-06-04
2021-01-14,Louisiana,538,0,0.0013196436895763775,-0.031867892232745,2020-06-04
2020-06-05,Maine,35,2,-0.012303470317590603,0.011969481745836896,2020-06-04
2020-06-11,Maine,32,3,-0.012303470317590603,0.011969481745836896,2020-06-04
2020-06-18,Maine,29,3,-0.012303470317590603,0.011969481745836896,2020-06-04
2020-07-02,Maine,25,3,-0.012303470317590603,0.011969481745836896,2020-06-04
2020-07-30,Maine,17,5,-0.012303470317590603,0.011969481745836896,2020-06-04
2020-08-27,Maine,12,7,-0.012303470317590603,0.011969481745836896,2020-06-04
2020-09-24,Maine,8,10,-0.012303470317590603,0.011969481745836896,2020-06-04
2020-10-22,Maine,6,15,-0.012303470317590603,0.011969481745836896,2020-06-04
2020-11-19,Maine,4,21,-0.012303470317590603,0.011969481745836896,2020-06-04
2021-01-14,Maine,2,41,-0.012303470317590603,0.011969481745836896,2020-06-04
2020-06-05,Maryland,773,31,-0.016095977691573005,-0.01637802217681872,2020-06-04
2020-06-11,Maryland,702,28,-0.016095977691573005,-0.01637802217681872,2020-06-04
2020-06-18,Maryland,626,25,-0.016095977691573005,-0.01637802217681872,2020-06-04
2020-07-02,Maryland,499,20,-0.016095977691573005,-0.01637802217681872,2020-06-04
2020-07-30,Maryland,316,12,-0.016095977691573005,-0.01637802217681872,2020-06-04
2020-08-27,Maryland,201,8,-0.016095977691573005,-0.01637802217681872,2020-06-04
2020-09-24,Maryland,127,5,-0.016095977691573005,-0.01637802217681872,2020-06-04
2020-10-22,Maryland,81,3,-0.016095977691573005,-0.01637802217681872,2020-06-04
2020-11-19,Maryland,51,2,-0.016095977691573005,-0.01637802217681872,2020-06-04
2021-01-14,Maryland,20,0,-0.016095977691573005,-0.01637802217681872,2020-06-04
2020-06-05,Massachusetts,560,63,-0.03787855840283194,-0.022501803817102428,2020-06-04
2020-06-11,Massachusetts,444,55,-0.03787855840283194,-0.022501803817102428,2020-06-04
2020-06-18,Massachusetts,339,47,-0.03787855840283194,-0.022501803817102428,2020-06-04
2020-07-02,Massachusetts,197,34,-0.03787855840283194,-0.022501803817102428,2020-06-04
2020-07-30,Massachusetts,66,18,-0.03787855840283194,-0.022501803817102428,2020-06-04
2020-08-27,Massachusetts,22,9,-0.03787855840283194,-0.022501803817102428,2020-06-04
2020-09-24,Massachusetts,7,5,-0.03787855840283194,-0.022501803817102428,2020-06-04
2020-10-22,Massachusetts,2,2,-0.03787855840283194,-0.022501803817102428,2020-06-04
2020-11-19,Massachusetts,0,1,-0.03787855840283194,-0.022501803817102428,2020-06-04
2021-01-14,Massachusetts,0,0,-0.03787855840283194,-0.022501803817102428,2020-06-04
2020-06-05,Michigan,227,25,-0.052008123902264614,-0.021778537093953942,2020-06-04
2020-06-11,Michigan,165,22,-0.052008123902264614,-0.021778537093953942,2020-06-04
2020-06-18,Michigan,113,19,-0.052008123902264614,-0.021778537093953942,2020-06-04
2020-07-02,Michigan,53,14,-0.052008123902264614,-0.021778537093953942,2020-06-04
2020-07-30,Michigan,12,7,-0.052008123902264614,-0.021778537093953942,2020-06-04
2020-08-27,Michigan,2,4,-0.052008123902264614,-0.021778537093953942,2020-06-04
2020-09-24,Michigan,0,2,-0.052008123902264614,-0.021778537093953942,2020-06-04
2020-10-22,Michigan,0,1,-0.052008123902264614,-0.021778537093953942,2020-06-04
2020-11-19,Michigan,0,0,-0.052008123902264614,-0.021778537093953942,2020-06-04
2021-01-14,Michigan,0,0,-0.052008123902264614,-0.021778537093953942,2020-06-04
2020-06-05,Minnesota,438,18,-0.027401075633851968,-0.006389695265002215,2020-06-04
2020-06-11,Minnesota,371,17,-0.027401075633851968,-0.006389695265002215,2020-06-04
2020-06-18,Minnesota,305,17,-0.027401075633851968,-0.006389695265002215,2020-06-04
2020-07-02,Minnesota,207,15,-0.027401075633851968,-0.006389695265002215,2020-06-04
2020-07-30,Minnesota,95,13,-0.027401075633851968,-0.006389695265002215,2020-06-04
2020-08-27,Minnesota,43,10,-0.027401075633851968,-0.006389695265002215,2020-06-04
2020-09-24,Minnesota,20,9,-0.027401075633851968,-0.006389695265002215,2020-06-04
2020-10-22,Minnesota,9,7,-0.027401075633851968,-0.006389695265002215,2020-06-04
2020-11-19,Minnesota,4,6,-0.027401075633851968,-0.006389695265002215,2020-06-04
2021-01-14,Minnesota,0,4,-0.027401075633851968,-0.006389695265002215,2020-06-04
2020-06-05,Mississippi,311,14,0.007837973796240627,0.002814974818989846,2020-06-04
2020-06-11,Mississippi,326,14,0.007837973796240627,0.002814974818989846,2020-06-04
2020-06-18,Mississippi,344,14,0.007837973796240627,0.002814974818989846,2020-06-04
2020-07-02,Mississippi,384,15,0.007837973796240627,0.002814974818989846,2020-06-04
2020-07-30,Mississippi,478,16,0.007837973796240627,0.002814974818989846,2020-06-04
2020-08-27,Mississippi,595,18,0.007837973796240627,0.002814974818989846,2020-06-04
2020-09-24,Mississippi,740,19,0.007837973796240627,0.002814974818989846,2020-06-04
2020-10-22,Mississippi,921,21,0.007837973796240627,0.002814974818989846,2020-06-04
2020-11-19,Mississippi,1146,22,0.007837973796240627,0.002814974818989846,2020-06-04
2021-01-14,Mississippi,1775,26,0.007837973796240627,0.002814974818989846,2020-06-04
2020-06-05,Missouri,197,7,0.01258869422701725,-0.022931526252601864,2020-06-04
2020-06-11,Missouri,212,6,0.01258869422701725,-0.022931526252601864,2020-06-04
2020-06-18,Missouri,231,5,0.01258869422701725,-0.022931526252601864,2020-06-04
2020-07-02,Missouri,276,3,0.01258869422701725,-0.022931526252601864,2020-06-04
2020-07-30,Missouri,392,2,0.01258869422701725,-0.022931526252601864,2020-06-04
2020-08-27,Missouri,556,1,0.01258869422701725,-0.022931526252601864,2020-06-04
2020-09-24,Missouri,789,0,0.01258869422701725,-0.022931526252601864,2020-06-04
2020-10-22,Missouri,1121,0,0.01258869422701725,-0.022931526252601864,2020-06-04
2020-11-19,Missouri,1591,0,0.01258869422701725,-0.022931526252601864,2020-06-04
2021-01-14,Missouri,3206,0,0.01258869422701725,-0.022931526252601864,2020-06-04
2020-06-05,Montana,5,1,0.019573683770399697,0.0,2020-06-04
2020-06-11,Montana,5,1,0.019573683770399697,0.0,2020-06-04
2020-06-18,Montana,6,1,0.019573683770399697,0.0,2020-06-04
2020-07-02,Montana,8,1,0.019573683770399697,0.0,2020-06-04
2020-07-30,Montana,14,1,0.019573683770399697,0.0,2020-06-04
2020-08-27,Montana,25,1,0.019573683770399697,0.0,2020-06-04
2020-09-24,Montana,43,1,0.019573683770399697,0.0,2020-06-04
2020-10-22,Montana,75,1,0.019573683770399697,0.0,2020-06-04
2020-11-19,Montana,129,1,0.019573683770399697,0.0,2020-06-04
2021-01-14,Montana,382,1,0.019573683770399697,0.0,2020-06-04
2020-06-05,Nebraska,232,8,-0.01874910934699625,-0.00777297068166416,2020-06-04
2020-06-11,Nebraska,207,8,-0.01874910934699625,-0.00777297068166416,2020-06-04
2020-06-18,Nebraska,182,8,-0.01874910934699625,-0.00777297068166416,2020-06-04
2020-07-02,Nebraska,139,7,-0.01874910934699625,-0.00777297068166416,2020-06-04
2020-07-30,Nebraska,82,5,-0.01874910934699625,-0.00777297068166416,2020-06-04
2020-08-27,Nebraska,48,4,-0.01874910934699625,-0.00777297068166416,2020-06-04
2020-09-24,Nebraska,28,3,-0.01874910934699625,-0.00777297068166416,2020-06-04
2020-10-22,Nebraska,16,2,-0.01874910934699625,-0.00777297068166416,2020-06-04
2020-11-19,Nebraska,9,2,-0.01874910934699625,-0.00777297068166416,2020-06-04
2021-01-14,Nebraska,3,1,-0.01874910934699625,-0.00777297068166416,2020-06-04
2020-06-05,Nevada,122,10,0.02016593490634433,0.038278412643431015,2020-06-04
2020-06-11,Nevada,137,13,0.02016593490634433,0.038278412643431015,2020-06-04
2020-06-18,Nevada,158,17,0.02016593490634433,0.038278412643431015,2020-06-04
2020-07-02,Nevada,209,29,0.02016593490634433,0.038278412643431015,2020-06-04
2020-07-30,Nevada,366,84,0.02016593490634433,0.038278412643431015,2020-06-04
2020-08-27,Nevada,640,242,0.02016593490634433,0.038278412643431015,2020-06-04
2020-09-24,Nevada,1120,694,0.02016593490634433,0.038278412643431015,2020-06-04
2020-10-22,Nevada,1960,1988,0.02016593490634433,0.038278412643431015,2020-06-04
2020-11-19,Nevada,3428,5692,0.02016593490634433,0.038278412643431015,2020-06-04
2021-01-14,Nevada,10486,46655,0.02016593490634433,0.038278412643431015,2020-06-04
2020-06-05,New Hampshire,61,7,-0.009079172789287826,-0.013897970209638566,2020-06-04
2020-06-11,New Hampshire,58,6,-0.009079172789287826,-0.013897970209638566,2020-06-04
2020-06-18,New Hampshire,54,6,-0.009079172789287826,-0.013897970209638566,2020-06-04
2020-07-02,New Hampshire,48,5,-0.009079172789287826,-0.013897970209638566,2020-06-04
2020-07-30,New Hampshire,37,3,-0.009079172789287826,-0.013897970209638566,2020-06-04
2020-08-27,New Hampshire,29,2,-0.009079172789287826,-0.013897970209638566,2020-06-04
2020-09-24,New Hampshire,22,1,-0.009079172789287826,-0.013897970209638566,2020-06-04
2020-10-22,New Hampshire,17,1,-0.009079172789287826,-0.013897970209638566,2020-06-04
2020-11-19,New Hampshire,13,0,-0.009079172789287826,-0.013897970209638566,2020-06-04
2021-01-14,New Hampshire,8,0,-0.009079172789287826,-0.013897970209638566,2020-06-04
2020-06-05,New Jersey,581,46,-0.04004935919860275,-0.05266223401074299,2020-06-04
2020-06-11,New Jersey,455,33,-0.04004935919860275,-0.05266223401074299,2020-06-04
2020-06-18,New Jersey,341,23,-0.04004935919860275,-0.05266223401074299,2020-06-04
2020-07-02,New Jersey,192,10,-0.04004935919860275,-0.05266223401074299,2020-06-04
2020-07-30,New Jersey,61,2,-0.04004935919860275,-0.05266223401074299,2020-06-04
2020-08-27,New Jersey,19,0,-0.04004935919860275,-0.05266223401074299,2020-06-04
2020-09-24,New Jersey,6,0,-0.04004935919860275,-0.05266223401074299,2020-06-04
2020-10-22,New Jersey,1,0,-0.04004935919860275,-0.05266223401074299,2020-06-04
2020-11-19,New Jersey,0,0,-0.04004935919860275,-0.05266223401074299,2020-06-04
2021-01-14,New Jersey,0,0,-0.04004935919860275,-0.05266223401074299,2020-06-04
2020-06-05,New Mexico,117,5,-0.009265798708958162,-0.016479974327706093,2020-06-04
2020-06-11,New Mexico,111,5,-0.009265798708958162,-0.016479974327706093,2020-06-04
2020-06-18,New Mexico,104,4,-0.009265798708958162,-0.016479974327706093,2020-06-04
2020-07-02,New Mexico,91,3,-0.009265798708958162,-0.016479974327706093,2020-06-04
2020-07-30,New Mexico,70,2,-0.009265798708958162,-0.016479974327706093,2020-06-04
2020-08-27,New Mexico,54,1,-0.009265798708958162,-0.016479974327706093,2020-06-04
2020-09-24,New Mexico,41,0,-0.009265798708958162,-0.016479974327706093,2020-06-04
2020-10-22,New Mexico,32,0,-0.009265798708958162,-0.016479974327706093,2020-06-04
2020-11-19,New Mexico,24,0,-0.009265798708958162,-0.016479974327706093,2020-06-04
2021-01-14,New Mexico,14,0,-0.009265798708958162,-0.016479974327706093,2020-06-04
2020-06-05,New York,1024,59,-0.035486608739231595,-0.05333572228163297,2020-06-04
2020-06-11,New York,824,42,-0.035486608739231595,-0.05333572228163297,2020-06-04
2020-06-18,New York,640,29,-0.035486608739231595,-0.05333572228163297,2020-06-04
2020-07-02,New York,386,13,-0.035486608739231595,-0.05333572228163297,2020-06-04
2020-07-30,New York,140,2,-0.035486608739231595,-0.05333572228163297,2020-06-04
2020-08-27,New York,51,0,-0.035486608739231595,-0.05333572228163297,2020-06-04
2020-09-24,New York,18,0,-0.035486608739231595,-0.05333572228163297,2020-06-04
2020-10-22,New York,6,0,-0.035486608739231595,-0.05333572228163297,2020-06-04
2020-11-19,New York,2,0,-0.035486608739231595,-0.05333572228163297,2020-06-04
2021-01-14,New York,0,0,-0.035486608739231595,-0.05333572228163297,2020-06-04
2020-06-05,North Carolina,909,16,0.04056671701147452,0.024026030584481273,2020-06-04
2020-06-11,North Carolina,1155,19,0.04056671701147452,0.024026030584481273,2020-06-04
2020-06-18,North Carolina,1525,23,0.04056671701147452,0.024026030584481273,2020-06-04
2020-07-02,North Carolina,2662,32,0.04056671701147452,0.024026030584481273,2020-06-04
2020-07-30,North Carolina,8106,62,0.04056671701147452,0.024026030584481273,2020-06-04
2020-08-27,North Carolina,24683,121,0.04056671701147452,0.024026030584481273,2020-06-04
2020-09-24,North Carolina,75155,236,0.04056671701147452,0.024026030584481273,2020-06-04
2020-10-22,North Carolina,228833,459,0.04056671701147452,0.024026030584481273,2020-06-04
2020-11-19,North Carolina,696750,894,0.04056671701147452,0.024026030584481273,2020-06-04
2021-01-14,North Carolina,6459422,3379,0.04056671701147452,0.024026030584481273,2020-06-04
2020-06-05,North Dakota,27,2,-0.047954392662353906,0.004511100233405063,2020-06-04
2020-06-11,North Dakota,20,2,-0.047954392662353906,0.004511100233405063,2020-06-04
2020-06-18,North Dakota,14,2,-0.047954392662353906,0.004511100233405063,2020-06-04
2020-07-02,North Dakota,7,2,-0.047954392662353906,0.004511100233405063,2020-06-04
2020-07-30,North Dakota,1,2,-0.047954392662353906,0.004511100233405063,2020-06-04
2020-08-27,North Dakota,0,3,-0.047954392662353906,0.004511100233405063,2020-06-04
2020-09-24,North Dakota,0,3,-0.047954392662353906,0.004511100233405063,2020-06-04
2020-10-22,North Dakota,0,4,-0.047954392662353906,0.004511100233405063,2020-06-04
2020-11-19,North Dakota,0,4,-0.047954392662353906,0.004511100233405063,2020-06-04
2021-01-14,North Dakota,0,6,-0.047954392662353906,0.004511100233405063,2020-06-04
2020-06-05,Northern Mariana Islands,2,13,0.0,0.0,2020-06-04
2020-06-11,Northern Mariana Islands,2,13,0.0,0.0,2020-06-04
2020-06-18,Northern Mariana Islands,2,14,0.0,0.0,2020-06-04
2020-07-02,Northern Mariana Islands,2,14,0.0,0.0,2020-06-04
2020-07-30,Northern Mariana Islands,2,14,0.0,0.0,2020-06-04
2020-08-27,Northern Mariana Islands,2,14,0.0,0.0,2020-06-04
2020-09-24,Northern Mariana Islands,2,14,0.0,0.0,2020-06-04
2020-10-22,Northern Mariana Islands,2,14,0.0,0.0,2020-06-04
2020-11-19,Northern Mariana Islands,2,14,0.0,0.0,2020-06-04
2021-01-14,Northern Mariana Islands,2,14,0.0,0.0,2020-06-04
2020-06-05,Ohio,452,26,-0.012719614798455847,-0.018382308942466286,2020-06-04
2020-06-11,Ohio,418,23,-0.012719614798455847,-0.018382308942466286,2020-06-04
2020-06-18,Ohio,382,20,-0.012719614798455847,-0.018382308942466286,2020-06-04
2020-07-02,Ohio,319,16,-0.012719614798455847,-0.018382308942466286,2020-06-04
2020-07-30,Ohio,223,9,-0.012719614798455847,-0.018382308942466286,2020-06-04
2020-08-27,Ohio,156,5,-0.012719614798455847,-0.018382308942466286,2020-06-04
2020-09-24,Ohio,109,3,-0.012719614798455847,-0.018382308942466286,2020-06-04
2020-10-22,Ohio,76,2,-0.012719614798455847,-0.018382308942466286,2020-06-04
2020-11-19,Ohio,53,1,-0.012719614798455847,-0.018382308942466286,2020-06-04
2021-01-14,Ohio,26,0,-0.012719614798455847,-0.018382308942466286,2020-06-04
2020-06-05,Oklahoma,83,3,-0.006096903076352356,-0.012347482062484372,2020-06-04
2020-06-11,Oklahoma,80,3,-0.006096903076352356,-0.012347482062484372,2020-06-04
2020-06-18,Oklahoma,77,2,-0.006096903076352356,-0.012347482062484372,2020-06-04
2020-07-02,Oklahoma,71,2,-0.006096903076352356,-0.012347482062484372,2020-06-04
2020-07-30,Oklahoma,60,1,-0.006096903076352356,-0.012347482062484372,2020-06-04
2020-08-27,Oklahoma,50,1,-0.006096903076352356,-0.012347482062484372,2020-06-04
2020-09-24,Oklahoma,42,0,-0.006096903076352356,-0.012347482062484372,2020-06-04
2020-10-22,Oklahoma,35,0,-0.006096903076352356,-0.012347482062484372,2020-06-04
2020-11-19,Oklahoma,30,0,-0.006096903076352356,-0.012347482062484372,2020-06-04
2021-01-14,Oklahoma,21,0,-0.006096903076352356,-0.012347482062484372,2020-06-04
2020-06-05,Oregon,44,2,0.006531901259114514,-0.004118836864299036,2020-06-04
2020-06-11,Oregon,46,2,0.006531901259114514,-0.004118836864299036,2020-06-04
2020-06-18,Oregon,48,2,0.006531901259114514,-0.004118836864299036,2020-06-04
2020-07-02,Oregon,53,2,0.006531901259114514,-0.004118836864299036,2020-06-04
2020-07-30,Oregon,63,1,0.006531901259114514,-0.004118836864299036,2020-06-04
2020-08-27,Oregon,76,1,0.006531901259114514,-0.004118836864299036,2020-06-04
2020-09-24,Oregon,91,1,0.006531901259114514,-0.004118836864299036,2020-06-04
2020-10-22,Oregon,110,1,0.006531901259114514,-0.004118836864299036,2020-06-04
2020-11-19,Oregon,132,1,0.006531901259114514,-0.004118836864299036,2020-06-04
2021-01-14,Oregon,190,0,0.006531901259114514,-0.004118836864299036,2020-06-04
2020-06-05,Pennsylvania,521,39,-0.02808842341518636,-0.031114432280939464,2020-06-04
2020-06-11,Pennsylvania,439,32,-0.02808842341518636,-0.031114432280939464,2020-06-04
2020-06-18,Pennsylvania,360,26,-0.02808842341518636,-0.031114432280939464,2020-06-04
2020-07-02,Pennsylvania,241,16,-0.02808842341518636,-0.031114432280939464,2020-06-04
2020-07-30,Pennsylvania,108,6,-0.02808842341518636,-0.031114432280939464,2020-06-04
2020-08-27,Pennsylvania,49,2,-0.02808842341518636,-0.031114432280939464,2020-06-04
2020-09-24,Pennsylvania,22,1,-0.02808842341518636,-0.031114432280939464,2020-06-04
2020-10-22,Pennsylvania,9,0,-0.02808842341518636,-0.031114432280939464,2020-06-04
2020-11-19,Pennsylvania,4,0,-0.02808842341518636,-0.031114432280939464,2020-06-04
2021-01-14,Pennsylvania,0,0,-0.02808842341518636,-0.031114432280939464,2020-06-04
2020-06-05,Puerto Rico,81,1,0.005445643363199082,-0.00699923568456895,2020-06-04
2020-06-11,Puerto Rico,84,1,0.005445643363199082,-0.00699923568456895,2020-06-04
2020-06-18,Puerto Rico,87,1,0.005445643363199082,-0.00699923568456895,2020-06-04
2020-07-02,Puerto Rico,94,1,0.005445643363199082,-0.00699923568456895,2020-06-04
2020-07-30,Puerto Rico,109,1,0.005445643363199082,-0.00699923568456895,2020-06-04
2020-08-27,Puerto Rico,128,1,0.005445643363199082,-0.00699923568456895,2020-06-04
2020-09-24,Puerto Rico,149,0,0.005445643363199082,-0.00699923568456895,2020-06-04
2020-10-22,Puerto Rico,173,0,0.005445643363199082,-0.00699923568456895,2020-06-04
2020-11-19,Puerto Rico,202,0,0.005445643363199082,-0.00699923568456895,2020-06-04
2021-01-14,Puerto Rico,273,0,0.005445643363199082,-0.00699923568456895,2020-06-04
2020-06-05,Recovered,1,1,0.0,0.0,2020-06-04
2020-06-11,Recovered,1,1,0.0,0.0,2020-06-04
2020-06-18,Recovered,1,1,0.0,0.0,2020-06-04
2020-07-02,Recovered,1,1,0.0,0.0,2020-06-04
2020-07-30,Recovered,1,1,0.0,0.0,2020-06-04
2020-08-27,Recovered,1,1,0.0,0.0,2020-06-04
2020-09-24,Recovered,1,1,0.0,0.0,2020-06-04
2020-10-22,Recovered,1,1,0.0,0.0,2020-06-04
2020-11-19,Recovered,1,1,0.0,0.0,2020-06-04
2021-01-14,Recovered,1,1,0.0,0.0,2020-06-04
2020-06-05,Rhode Island,103,11,-0.0373538087835682,-0.0010200260152005702,2020-06-04
2020-06-11,Rhode Island,82,11,-0.0373538087835682,-0.0010200260152005702,2020-06-04
2020-06-18,Rhode Island,62,11,-0.0373538087835682,-0.0010200260152005702,2020-06-04
2020-07-02,Rhode Island,36,11,-0.0373538087835682,-0.0010200260152005702,2020-06-04
2020-07-30,Rhode Island,12,11,-0.0373538087835682,-0.0010200260152005702,2020-06-04
2020-08-27,Rhode Island,4,10,-0.0373538087835682,-0.0010200260152005702,2020-06-04
2020-09-24,Rhode Island,1,10,-0.0373538087835682,-0.0010200260152005702,2020-06-04
2020-10-22,Rhode Island,0,10,-0.0373538087835682,-0.0010200260152005702,2020-06-04
2020-11-19,Rhode Island,0,9,-0.0373538087835682,-0.0010200260152005702,2020-06-04
2021-01-14,Rhode Island,0,9,-0.0373538087835682,-0.0010200260152005702,2020-06-04
2020-06-05,South Carolina,283,6,0.030813332523686565,-0.004766586787907978,2020-06-04
2020-06-11,South Carolina,340,6,0.030813332523686565,-0.004766586787907978,2020-06-04
2020-06-18,South Carolina,420,6,0.030813332523686565,-0.004766586787907978,2020-06-04
2020-07-02,South Carolina,643,5,0.030813332523686565,-0.004766586787907978,2020-06-04
2020-07-30,South Carolina,1505,5,0.030813332523686565,-0.004766586787907978,2020-06-04
2020-08-27,South Carolina,3521,4,0.030813332523686565,-0.004766586787907978,2020-06-04
2020-09-24,South Carolina,8237,3,0.030813332523686565,-0.004766586787907978,2020-06-04
2020-10-22,South Carolina,19268,3,0.030813332523686565,-0.004766586787907978,2020-06-04
2020-11-19,South Carolina,45070,2,0.030813332523686565,-0.004766586787907978,2020-06-04
2021-01-14,South Carolina,246588,2,0.030813332523686565,-0.004766586787907978,2020-06-04
2020-06-05,South Dakota,57,3,-0.008426320176126434,0.005985379792002199,2020-06-04
2020-06-11,South Dakota,54,3,-0.008426320176126434,0.005985379792002199,2020-06-04
2020-06-18,South Dakota,51,3,-0.008426320176126434,0.005985379792002199,2020-06-04
2020-07-02,South Dakota,45,3,-0.008426320176126434,0.005985379792002199,2020-06-04
2020-07-30,South Dakota,36,4,-0.008426320176126434,0.005985379792002199,2020-06-04
2020-08-27,South Dakota,28,5,-0.008426320176126434,0.005985379792002199,2020-06-04
2020-09-24,South Dakota,22,6,-0.008426320176126434,0.005985379792002199,2020-06-04
2020-10-22,South Dakota,17,7,-0.008426320176126434,0.005985379792002199,2020-06-04
2020-11-19,South Dakota,14,8,-0.008426320176126434,0.005985379792002199,2020-06-04
2021-01-14,South Dakota,8,12,-0.008426320176126434,0.005985379792002199,2020-06-04
2020-06-05,Tennessee,617,6,0.03988899523404399,0.01555379090323128,2020-06-04
2020-06-11,Tennessee,780,6,0.03988899523404399,0.01555379090323128,2020-06-04
2020-06-18,Tennessee,1026,7,0.03988899523404399,0.01555379090323128,2020-06-04
2020-07-02,Tennessee,1774,9,0.03988899523404399,0.01555379090323128,2020-06-04
2020-07-30,Tennessee,5305,14,0.03988899523404399,0.01555379090323128,2020-06-04
2020-08-27,Tennessee,15860,21,0.03988899523404399,0.01555379090323128,2020-06-04
2020-09-24,Tennessee,47420,33,0.03988899523404399,0.01555379090323128,2020-06-04
2020-10-22,Tennessee,141774,51,0.03988899523404399,0.01555379090323128,2020-06-04
2020-11-19,Tennessee,423870,79,0.03988899523404399,0.01555379090323128,2020-06-04
2021-01-14,Tennessee,3788822,189,0.03988899523404399,0.01555379090323128,2020-06-04
2020-06-05,Texas,1241,15,0.007750580512905891,-0.02973156408829669,2020-06-04
2020-06-11,Texas,1300,12,0.007750580512905891,-0.02973156408829669,2020-06-04
2020-06-18,Texas,1372,10,0.007750580512905891,-0.02973156408829669,2020-06-04
2020-07-02,Texas,1529,6,0.007750580512905891,-0.02973156408829669,2020-06-04
2020-07-30,Texas,1898,2,0.007750580512905891,-0.02973156408829669,2020-06-04
2020-08-27,Texas,2356,1,0.007750580512905891,-0.02973156408829669,2020-06-04
2020-09-24,Texas,2924,0,0.007750580512905891,-0.02973156408829669,2020-06-04
2020-10-22,Texas,3630,0,0.007750580512905891,-0.02973156408829669,2020-06-04
2020-11-19,Texas,4506,0,0.007750580512905891,-0.02973156408829669,2020-06-04
2021-01-14,Texas,6944,0,0.007750580512905891,-0.02973156408829669,2020-06-04
2020-06-05,Utah,233,3,0.027102922282779884,0.015824444131692594,2020-06-04
2020-06-11,Utah,274,4,0.027102922282779884,0.015824444131692594,2020-06-04
2020-06-18,Utah,331,4,0.027102922282779884,0.015824444131692594,2020-06-04
2020-07-02,Utah,481,6,0.027102922282779884,0.015824444131692594,2020-06-04
2020-07-30,Utah,1018,9,0.027102922282779884,0.015824444131692594,2020-06-04
2020-08-27,Utah,2153,14,0.027102922282779884,0.015824444131692594,2020-06-04
2020-09-24,Utah,4552,22,0.027102922282779884,0.015824444131692594,2020-06-04
2020-10-22,Utah,9626,35,0.027102922282779884,0.015824444131692594,2020-06-04
2020-11-19,Utah,20354,54,0.027102922282779884,0.015824444131692594,2020-06-04
2021-01-14,Utah,90999,131,0.027102922282779884,0.015824444131692594,2020-06-04
2020-06-05,Vermont,2,1,-0.01400503332043146,0.0,2020-06-04
2020-06-11,Vermont,2,1,-0.01400503332043146,0.0,2020-06-04
2020-06-18,Vermont,2,1,-0.01400503332043146,0.0,2020-06-04
2020-07-02,Vermont,1,1,-0.01400503332043146,0.0,2020-06-04
2020-07-30,Vermont,1,1,-0.01400503332043146,0.0,2020-06-04
2020-08-27,Vermont,0,1,-0.01400503332043146,0.0,2020-06-04
2020-09-24,Vermont,0,1,-0.01400503332043146,0.0,2020-06-04
2020-10-22,Vermont,0,1,-0.01400503332043146,0.0,2020-06-04
2020-11-19,Vermont,0,1,-0.01400503332043146,0.0,2020-06-04
2021-01-14,Vermont,0,1,-0.01400503332043146,0.0,2020-06-04
2020-06-05,Virgin Islands,1,1,0.0,0.0,2020-06-04
2020-06-11,Virgin Islands,1,1,0.0,0.0,2020-06-04
2020-06-18,Virgin Islands,1,1,0.0,0.0,2020-06-04
2020-07-02,Virgin Islands,1,1,0.0,0.0,2020-06-04
2020-07-30,Virgin Islands,1,1,0.0,0.0,2020-06-04
2020-08-27,Virgin Islands,1,1,0.0,0.0,2020-06-04
2020-09-24,Virgin Islands,1,1,0.0,0.0,2020-06-04
2020-10-22,Virgin Islands,1,1,0.0,0.0,2020-06-04
2020-11-19,Virgin Islands,1,1,0.0,0.0,2020-06-04
2021-01-14,Virgin Islands,1,1,0.0,0.0,2020-06-04
2020-06-05,Virginia,940,18,0.0013455585751069865,-0.005297266975529347,2020-06-04
2020-06-11,Virginia,947,18,0.0013455585751069865,-0.005297266975529347,2020-06-04
2020-06-18,Virginia,956,17,0.0013455585751069865,-0.005297266975529347,2020-06-04
2020-07-02,Virginia,974,16,0.0013455585751069865,-0.005297266975529347,2020-06-04
2020-07-30,Virginia,1012,14,0.0013455585751069865,-0.005297266975529347,2020-06-04
2020-08-27,Virginia,1051,12,0.0013455585751069865,-0.005297266975529347,2020-06-04
2020-09-24,Virginia,1091,10,0.0013455585751069865,-0.005297266975529347,2020-06-04
2020-10-22,Virginia,1133,9,0.0013455585751069865,-0.005297266975529347,2020-06-04
2020-11-19,Virginia,1176,7,0.0013455585751069865,-0.005297266975529347,2020-06-04
2021-01-14,Virginia,1268,5,0.0013455585751069865,-0.005297266975529347,2020-06-04
2020-06-05,Washington,288,7,0.02077378568704713,-0.005840844648246413,2020-06-04
2020-06-11,Washington,326,6,0.02077378568704713,-0.005840844648246413,2020-06-04
2020-06-18,Washington,376,6,0.02077378568704713,-0.005840844648246413,2020-06-04
2020-07-02,Washington,502,6,0.02077378568704713,-0.005840844648246413,2020-06-04
2020-07-30,Washington,893,5,0.02077378568704713,-0.005840844648246413,2020-06-04
2020-08-27,Washington,1588,4,0.02077378568704713,-0.005840844648246413,2020-06-04
2020-09-24,Washington,2824,3,0.02077378568704713,-0.005840844648246413,2020-06-04
2020-10-22,Washington,5023,3,0.02077378568704713,-0.005840844648246413,2020-06-04
2020-11-19,Washington,8934,2,0.02077378568704713,-0.005840844648246413,2020-06-04
2021-01-14,Washington,28255,1,0.02077378568704713,-0.005840844648246413,2020-06-04
2020-06-05,West Virginia,29,1,0.0028845362755469672,-0.011718563192648523,2020-06-04
2020-06-11,West Virginia,30,1,0.0028845362755469672,-0.011718563192648523,2020-06-04
2020-06-18,West Virginia,30,1,0.0028845362755469672,-0.011718563192648523,2020-06-04
2020-07-02,West Virginia,31,1,0.0028845362755469672,-0.011718563192648523,2020-06-04
2020-07-30,West Virginia,34,0,0.0028845362755469672,-0.011718563192648523,2020-06-04
2020-08-27,West Virginia,37,0,0.0028845362755469672,-0.011718563192648523,2020-06-04
2020-09-24,West Virginia,40,0,0.0028845362755469672,-0.011718563192648523,2020-06-04
2020-10-22,West Virginia,44,0,0.0028845362755469672,-0.011718563192648523,2020-06-04
2020-11-19,West Virginia,47,0,0.0028845362755469672,-0.011718563192648523,2020-06-04
2021-01-14,West Virginia,56,0,0.0028845362755469672,-0.011718563192648523,2020-06-04
2020-06-05,Wisconsin,368,7,-0.00038231267269739355,-0.007007059690805284,2020-06-04
2020-06-11,Wisconsin,367,7,-0.00038231267269739355,-0.007007059690805284,2020-06-04
2020-06-18,Wisconsin,366,6,-0.00038231267269739355,-0.007007059690805284,2020-06-04
2020-07-02,Wisconsin,364,6,-0.00038231267269739355,-0.007007059690805284,2020-06-04
2020-07-30,Wisconsin,360,5,-0.00038231267269739355,-0.007007059690805284,2020-06-04
2020-08-27,Wisconsin,356,4,-0.00038231267269739355,-0.007007059690805284,2020-06-04
2020-09-24,Wisconsin,352,3,-0.00038231267269739355,-0.007007059690805284,2020-06-04
2020-10-22,Wisconsin,349,2,-0.00038231267269739355,-0.007007059690805284,2020-06-04
2020-11-19,Wisconsin,345,2,-0.00038231267269739355,-0.007007059690805284,2020-06-04
2021-01-14,Wisconsin,338,1,-0.00038231267269739355,-0.007007059690805284,2020-06-04
2020-06-05,Wyoming,4,2,-0.061135444258749394,0.0,2020-06-04
2020-06-11,Wyoming,3,2,-0.061135444258749394,0.0,2020-06-04
2020-06-18,Wyoming,1,2,-0.061135444258749394,0.0,2020-06-04
2020-07-02,Wyoming,0,2,-0.061135444258749394,0.0,2020-06-04
2020-07-30,Wyoming,0,2,-0.061135444258749394,0.0,2020-06-04
2020-08-27,Wyoming,0,2,-0.061135444258749394,0.0,2020-06-04
2020-09-24,Wyoming,0,2,-0.061135444258749394,0.0,2020-06-04
2020-10-22,Wyoming,0,2,-0.061135444258749394,0.0,2020-06-04
2020-11-19,Wyoming,0,2,-0.061135444258749394,0.0,2020-06-04
2021-01-14,Wyoming,0,2,-0.061135444258749394,0.0,2020-06-04
